0 0.527126 0.626068 0.022036 0.035052
0 0.375773 0.638439 0.027835 0.039175
0 0.360116 0.640501 0.015077 0.047423
0 0.335180 0.640501 0.044072 0.055670
0 0.301546 0.645655 0.037113 0.057732
0 0.260954 0.645655 0.055670 0.070103
0 0.214562 0.654934 0.053351 0.080412
0 0.158312 0.665243 0.103222 0.088660
0 0.801441 0.691431 0.154253 0.158763
0 0.635590 0.641946 0.019716 0.080412
0 0.496995 0.626482 0.020876 0.020619
0 0.670384 0.646070 0.075387 0.101031
0 0.566582 0.615142 0.069588 0.138144
0 0.055972 0.675967 0.111943 0.115464
0 0.940616 0.596585 0.114820 0.113402
0 0.915680 0.753286 0.164691 0.298969
0 0.318762 0.591817 0.105279 0.046791
