0 0.427501 0.467680 0.007346 0.022145
0 0.421460 0.470054 0.010048 0.030158
0 0.407300 0.472115 0.012855 0.031016
0 0.399036 0.472931 0.012855 0.032648
0 0.388935 0.472931 0.016528 0.035913
0 0.380212 0.474564 0.015610 0.039178
0 0.370112 0.477012 0.017446 0.040810
0 0.360011 0.476196 0.019283 0.042443
0 0.337055 0.477829 0.035811 0.055502
0 0.319150 0.482726 0.034893 0.055502
0 0.292521 0.481910 0.034893 0.063664
0 0.269566 0.481093 0.031220 0.078356
0 0.127896 0.423959 0.255792 0.284039
0 0.447469 0.480340 0.033974 0.044075
0 0.500054 0.473011 0.015073 0.016588
0 0.509384 0.471097 0.009331 0.020416
0 0.512255 0.472373 0.012202 0.022968
0 0.529481 0.474925 0.013637 0.020416
0 0.518715 0.476839 0.010766 0.024244
0 0.413565 0.472373 0.014355 0.030624
